-1 0.139735 0.372299 0.222495 0.296660
-1 0.583988 0.336935 0.188605 0.210216
-1 0.239194 0.190570 0.176817 0.259332
-1 0.301081 0.338900 0.120825 0.178782
-1 0.347495 0.444990 0.181238 0.233792
-1 0.289293 0.595285 0.209234 0.255403
-1 0.304764 0.770138 0.198919 0.212181
-1 0.267191 0.622790 0.123772 0.192534
-1 0.088654 0.724951 0.177308 0.251473
-1 0.079813 0.291749 0.159627 0.273084
-1 0.537574 0.792731 0.163556 0.194499
-1 0.493369 0.697446 0.175344 0.235756
-1 0.418222 0.203340 0.163556 0.241650
-1 0.628193 0.187623 0.150295 0.194499
-1 0.762279 0.186640 0.150295 0.212181
-1 0.586935 0.486248 0.191552 0.245580
-1 0.816061 0.443026 0.148821 0.233792
-1 0.827112 0.381139 0.170923 0.243615
-1 0.732809 0.359528 0.135560 0.223969
-1 0.743861 0.572692 0.193026 0.222004
-1 0.713654 0.728880 0.173870 0.223969
-1 0.759332 0.803536 0.200393 0.251473
-1 0.819745 0.703340 0.185658 0.243615
-1 0.569253 0.234774 0.215128 0.186640