0 0.269401 0.165029 0.190079 0.275049
0 0.362967 0.276031 0.094303 0.151277
0 0.242878 0.238703 0.169450 0.143418
0 0.128684 0.421415 0.212181 0.273084
0 0.253929 0.521611 0.212181 0.198428
0 0.339391 0.406680 0.185658 0.278978
0 0.376965 0.478389 0.178291 0.261297
0 0.442534 0.579568 0.159136 0.200393
0 0.589882 0.498035 0.162083 0.229862
0 0.534627 0.472495 0.181238 0.296660
0 0.588409 0.223969 0.165029 0.235756
0 0.527259 0.270138 0.198919 0.265226
0 0.597250 0.265226 0.176817 0.223969
0 0.735756 0.193517 0.147348 0.202358
0 0.712181 0.584479 0.176817 0.218075
0 0.780697 0.490177 0.175344 0.233792
0 0.746071 0.437132 0.147348 0.233792
0 0.857318 0.695481 0.178291 0.251473
0 0.568517 0.725933 0.172397 0.257367
0 0.488212 0.892927 0.167976 0.186640
0 0.394646 0.801572 0.151768 0.243615
0 0.222250 0.770138 0.193026 0.259332
0 0.090373 0.611984 0.170923 0.202358
0 0.079322 0.649312 0.157662 0.222004
0 0.325393 0.734774 0.157662 0.267191