0 0.214145 0.340864 0.212181 0.280943
0 0.068762 0.223969 0.137525 0.271120
0 0.298134 0.222004 0.179764 0.271120
0 0.120580 0.279961 0.216601 0.296660
0 0.344548 0.281925 0.154715 0.218075
0 0.423379 0.300589 0.153242 0.223969
0 0.381385 0.446955 0.145874 0.170923
0 0.527259 0.413556 0.193026 0.280943
0 0.800589 0.222986 0.188605 0.245580
0 0.595776 0.418468 0.176817 0.239686
0 0.635560 0.368369 0.159136 0.245580
0 0.730599 0.458743 0.195972 0.296660
0 0.827112 0.560904 0.159136 0.249509
0 0.855845 0.502947 0.142927 0.235756
0 0.746807 0.696464 0.175344 0.206287
0 0.656189 0.712181 0.179764 0.257367
0 0.572937 0.703340 0.148821 0.188605
0 0.631876 0.817289 0.181238 0.196464
0 0.561149 0.635560 0.210707 0.233792
0 0.301817 0.751473 0.195972 0.218075
0 0.354862 0.664047 0.201866 0.216110
0 0.321709 0.619843 0.167976 0.194499
0 0.088163 0.639489 0.175344 0.284872
0 0.164047 0.620825 0.120825 0.239686
0 0.192780 0.591356 0.137033 0.259332