-1 0.075393 0.245580 0.150786 0.275049
-1 0.155943 0.276031 0.142927 0.222004
-1 0.115422 0.305501 0.191552 0.273084
-1 0.299607 0.208251 0.185658 0.259332
-1 0.214145 0.463654 0.147348 0.161100
-1 0.118369 0.470530 0.147348 0.182711
-1 0.058448 0.705305 0.116896 0.263261
-1 0.051081 0.502947 0.102161 0.180747
-1 0.271611 0.701375 0.218075 0.306483
-1 0.197937 0.681729 0.162083 0.247544
-1 0.158153 0.745580 0.123772 0.253438
-1 0.363703 0.436149 0.137033 0.220039
-1 0.457269 0.369352 0.209234 0.275049
-1 0.608301 0.200393 0.181238 0.220039
-1 0.527259 0.232809 0.172397 0.214145
-1 0.527996 0.516699 0.203340 0.275049
-1 0.678291 0.491159 0.182711 0.267191
-1 0.687132 0.685658 0.156189 0.204322
-1 0.576621 0.732809 0.173870 0.278978
-1 0.481582 0.767191 0.139980 0.206287
-1 0.430747 0.722986 0.167976 0.259332
-1 0.403487 0.800589 0.251965 0.273084
-1 0.837426 0.566798 0.156189 0.257367
-1 0.841847 0.484283 0.156189 0.269155