0 0.237721 0.208251 0.194499 0.227898
0 0.207515 0.347741 0.240177 0.121807
0 0.079813 0.275049 0.159627 0.278978
0 0.072446 0.326130 0.144892 0.196464
0 0.190570 0.523576 0.232809 0.300589
0 0.345285 0.647348 0.197446 0.269155
0 0.354862 0.369352 0.142927 0.208251
0 0.403487 0.259332 0.172397 0.243615
0 0.600196 0.207269 0.203340 0.237721
0 0.542731 0.253438 0.173870 0.223969
0 0.413065 0.495088 0.206287 0.243615
0 0.511051 0.726916 0.184185 0.247544
0 0.353389 0.757367 0.204813 0.237721
0 0.455059 0.887033 0.142927 0.151277
0 0.186149 0.846758 0.173870 0.204322
0 0.108055 0.789784 0.182711 0.212181
0 0.038065 0.617878 0.075147 0.269155
0 0.142682 0.521611 0.193026 0.265226
0 0.575884 0.518664 0.151768 0.227898
0 0.617141 0.500982 0.157662 0.251473
0 0.756385 0.678782 0.194499 0.273084
0 0.723232 0.672888 0.187132 0.222004
0 0.796169 0.512770 0.173870 0.212181
0 0.814587 0.352652 0.184185 0.284872
0 0.720285 0.383104 0.172397 0.239686
0 0.886051 0.408644 0.070727 0.267191
0 0.911100 0.751473 0.000000 0.005894
0 0.894892 0.607073 0.082515 0.216110