-1 0.235511 0.354617 0.198919 0.308448
-1 0.329813 0.270138 0.201866 0.257367
-1 0.267927 0.181729 0.157662 0.214145
-1 0.241405 0.191552 0.166503 0.237721
-1 0.544941 0.174853 0.148821 0.192534
-1 0.620825 0.309430 0.188605 0.269155
-1 0.494106 0.409627 0.188605 0.249509
-1 0.513998 0.617878 0.175344 0.253438
-1 0.628929 0.586444 0.187132 0.253438
-1 0.698183 0.541257 0.169450 0.273084
-1 0.763752 0.510806 0.209234 0.267191
-1 0.788065 0.335953 0.193026 0.247544
-1 0.830059 0.493124 0.165029 0.271120
-1 0.670923 0.779961 0.135560 0.176817
-1 0.495580 0.812377 0.182711 0.218075
-1 0.449902 0.692534 0.179764 0.288802
-1 0.403487 0.691552 0.172397 0.275049
-1 0.198674 0.545187 0.172397 0.280943
-1 0.319499 0.601179 0.175344 0.330059
-1 0.263507 0.706287 0.151768 0.324165
-1 0.115422 0.334971 0.226916 0.237721
-1 0.043713 0.540275 0.087426 0.216110
-1 0.049853 0.671906 0.086935 0.125737
-1 0.112475 0.875246 0.185658 0.249509
-1 0.128684 0.817289 0.218075 0.216110