0 0.262033 0.202358 0.225442 0.318271
0 0.413802 0.273084 0.234283 0.318271
0 0.308448 0.479371 0.209234 0.271120
0 0.060658 0.211198 0.121316 0.229862
0 0.152996 0.311395 0.207760 0.292731
0 0.028978 0.363458 0.057957 0.263261
0 0.094548 0.529470 0.189096 0.304519
0 0.034136 0.656189 0.068271 0.227898
0 0.034872 0.695481 0.069745 0.314342
0 0.340128 0.694499 0.198919 0.296660
0 0.278242 0.689587 0.207760 0.290766
0 0.222986 0.694499 0.185658 0.280943
0 0.111002 0.695481 0.141454 0.247544
0 0.380648 0.782908 0.167976 0.316306
0 0.510314 0.553045 0.162083 0.206287
0 0.471267 0.640472 0.198919 0.282908
0 0.469794 0.734774 0.190079 0.278978
0 0.523576 0.521611 0.235756 0.273084
0 0.712917 0.477407 0.187132 0.235756
0 0.652505 0.201375 0.187132 0.237721
0 0.801326 0.267191 0.169450 0.259332
0 0.599460 0.279961 0.169450 0.237721
0 0.768910 0.753438 0.243124 0.312377
0 0.736493 0.681729 0.243124 0.278978
0 0.832269 0.626719 0.148821 0.216110
0 0.863949 0.637525 0.153242 0.273084