-1 0.133104 0.216110 0.244597 0.263261
-1 0.146365 0.459725 0.218075 0.267191
-1 0.099705 0.704322 0.199411 0.316306
-1 0.030697 0.372299 0.060413 0.218075
-1 0.044695 0.210216 0.085462 0.294695
-1 0.342338 0.188605 0.126719 0.243615
-1 0.368861 0.337917 0.185658 0.235756
-1 0.381385 0.345776 0.210707 0.290766
-1 0.356336 0.646365 0.193026 0.220039
-1 0.260560 0.599214 0.216601 0.278978
-1 0.221513 0.621807 0.209234 0.284872
-1 0.543468 0.210216 0.201866 0.278978
-1 0.678291 0.200393 0.170923 0.235756
-1 0.776277 0.261297 0.178291 0.275049
-1 0.631876 0.529470 0.234283 0.292731
-1 0.594303 0.349705 0.147348 0.196464
-1 0.417485 0.552063 0.185658 0.168959
-1 0.511051 0.765226 0.234283 0.269155
-1 0.796169 0.578585 0.194499 0.257367
-1 0.770383 0.679764 0.166503 0.239686
-1 0.679764 0.373281 0.218075 0.235756