-1 0.064342 0.190570 0.128684 0.212181
-1 0.248035 0.201375 0.162083 0.218075
-1 0.040766 0.373281 0.081532 0.235756
-1 0.151523 0.457760 0.210707 0.286837
-1 0.337917 0.513752 0.185658 0.288802
-1 0.401277 0.222004 0.235756 0.286837
-1 0.555992 0.241650 0.147348 0.184676
-1 0.605354 0.233792 0.213654 0.267191
-1 0.781434 0.249509 0.250491 0.286837
-1 0.715864 0.353635 0.195972 0.243615
-1 0.667240 0.493124 0.204813 0.263261
-1 0.549361 0.344794 0.160609 0.210216
-1 0.486002 0.456778 0.157662 0.210216
-1 0.477898 0.588409 0.147348 0.245580
-1 0.273084 0.831041 0.182711 0.200393
-1 0.224460 0.730845 0.223969 0.306483
-1 0.060658 0.786837 0.121316 0.245580
-1 0.106582 0.617878 0.200393 0.304519
-1 0.393910 0.769155 0.218075 0.284872
-1 0.592829 0.745580 0.191552 0.296660
-1 0.507367 0.777996 0.162083 0.290766
-1 0.710707 0.805501 0.203340 0.326130
-1 0.831532 0.814342 0.182711 0.214145
-1 0.822692 0.722986 0.197446 0.278978
-1 0.855108 0.512770 0.170923 0.263261
-1 0.663556 0.512770 0.206287 0.318271
-1 0.149312 0.261297 0.185658 0.216110